000400
000490
001290
001500
001780
001820
002020
002710
003000
003030
003620
003720
004090
004140
004310
005090
005810
005950
006910
008350
009290
009470
009520
009900
010690
011500
011690
011700
012030
012200
012860
013580
014160
014530
015750
017550
018000
018470
019210
024740
025860
025980
033160
033240
033340
033500
033640
035510
035810
036810
037030
037270
037350
037460
038110
039440
039560
039610
039860
039980
041920
042370
042510
042520
044450
045100
046120
048530
049480
049630
051980
052400
052710
053260
053610
053690
054210
054540
054920
056080
056090
056360
058430
059090
059120
060250
060280
060720
064260
064290
065450
066310
073490
077360
078020
078070
078150
078350
079370
082270
085910
086390
088130
089010
089980
090360
091580
092200
092870
094820
095270
096350
098120
099190
099440
100590
101330
102120
102710
105840
108320
108860
112290
114810
115440
117580
117730
119850
122640
122870
123330
126600
128820
129920
130660
131030
137950
138080
140670
158430
160980
168360
170920
171090
174900
178920
187660
189860
194480
200470
200710
204620
206650
211270
214180
214390
214430
215600
217730
225190
230240
232680
234340
241520
241710
242040
243840
249420
250060
251370
252990
253590
254490
255220
259630
264450
267320
272110
272290
272550
274090
278280
282720
289080
290550
290660
290740
293580
298830
306620
307180
317330
317770
321550
327260
328130
330350
330860
336370
348210
348340
348370
356680
357580
357880
361390
365270
365340
368770
376300
382800
383310
388050
389020
389140
389260
389470
389500
393890
394280
399720
412350
417010
417500
418550
419530
425040
425420
441270
452260
